# r g(r)
0.010000 0.000000
0.030000 0.000000
0.050000 0.000000
0.070000 0.000000
0.090000 0.000000
0.110000 0.000000
0.130000 0.000000
0.150000 0.000000
0.170000 0.000000
0.190000 0.000000
0.210000 0.000000
0.230000 0.000000
0.250000 0.000000
0.270000 0.000000
0.290000 0.000000
0.310000 0.000000
0.330000 0.000000
0.350000 0.000000
0.370000 0.000000
0.390000 0.000000
0.410000 0.000000
0.430000 0.000000
0.450000 0.000000
0.470000 0.000000
0.490000 0.000000
0.510000 0.000000
0.530000 0.000000
0.550000 0.000000
0.570000 0.000000
0.590000 0.000000
0.610000 0.000000
0.630000 0.000000
0.650000 0.000000
0.670000 0.000000
0.690000 0.000000
0.710000 0.000000
0.730000 0.000000
0.750000 0.000000
0.770000 0.000000
0.790000 0.000000
0.810000 0.000000
0.830000 0.000000
0.850000 0.000000
0.870000 0.000007
0.890000 0.000946
0.910000 0.008869
0.930000 0.038157
0.950000 0.099910
0.970000 0.164140
0.990000 0.187435
1.010000 0.159084
1.030000 0.105338
1.050000 0.052969
1.070000 0.022434
1.090000 0.007331
1.110000 0.002025
1.130000 0.000423
1.150000 0.000077
1.170000 0.000000
1.190000 0.000000
1.210000 0.000000
1.230000 0.000000
1.250000 0.000000
1.270000 0.000000
1.290000 0.000000
1.310000 0.000000
1.330000 0.000000
1.350000 0.000000
1.370000 0.000000
1.390000 0.000000
1.410000 0.000000
1.430000 0.000000
1.450000 0.000000
1.470000 0.000000
1.490000 0.000000
1.510000 0.000007
1.530000 0.000011
1.550000 0.000040
1.570000 0.000098
1.590000 0.000169
1.610000 0.000163
1.630000 0.000262
1.650000 0.000348
1.670000 0.000530
1.690000 0.000868
1.710000 0.001626
1.730000 0.003168
1.750000 0.005903
1.770000 0.010876
1.790000 0.021367
1.810000 0.038537
1.830000 0.065824
1.850000 0.107437
1.870000 0.166929
1.890000 0.246350
1.910000 0.349715
1.930000 0.473438
1.950000 0.618519
1.970000 0.779750
1.990000 0.946860
2.010000 1.123242
2.030000 1.304034
2.050000 1.484712
2.070000 1.646884
2.090000 1.812311
2.110000 1.962500
2.130000 2.106915
2.150000 2.233854
2.170000 2.348863
2.190000 2.458872
2.210000 2.566521
2.230000 2.667608
2.250000 2.757368
2.270000 2.839040
2.290000 2.907478
2.310000 2.968173
2.330000 3.014611
2.350000 3.054413
2.370000 3.082962
2.390000 3.104142
2.410000 3.111792
2.430000 3.099245
2.450000 3.060078
2.470000 3.029697
2.490000 3.004044
2.510000 2.979118
2.530000 2.965769
2.550000 2.959049
2.570000 2.953589
2.590000 2.952913
2.610000 2.960174
2.630000 2.966971
2.650000 2.967008
2.670000 2.965104
2.690000 2.962215
2.710000 2.955807
2.730000 2.943101
2.750000 2.929142
2.770000 2.911301
2.790000 2.885479
2.810000 2.857163
2.830000 2.832837
2.850000 2.800838
2.870000 2.772597
2.890000 2.732487
2.910000 2.700267
2.930000 2.666705
2.950000 2.629501
2.970000 2.597262
2.990000 2.570998
3.010000 2.539660
3.030000 2.505371
3.050000 2.472030
3.070000 2.447586
3.090000 2.416181
3.110000 2.388001
3.130000 2.357000
3.150000 2.333306
3.170000 2.308784
3.190000 2.286584
3.210000 2.265343
3.230000 2.239830
3.250000 2.219036
3.270000 2.197408
3.290000 2.178307
3.310000 2.158269
3.330000 2.138050
3.350000 2.120273
3.370000 2.101193
3.390000 2.080534
3.410000 2.062288
3.430000 2.043666
3.450000 2.030598
3.470000 2.014363
3.490000 1.995354
3.510000 1.983109
3.530000 1.970040
3.550000 1.955668
3.570000 1.943663
3.590000 1.929298
3.610000 1.917640
3.630000 1.903602
3.650000 1.892659
3.670000 1.880415
3.690000 1.870212
3.710000 1.863179
3.730000 1.855543
3.750000 1.849285
3.770000 1.842472
3.790000 1.836968
3.810000 1.833484
3.830000 1.831979
3.850000 1.830628
3.870000 1.830055
3.890000 1.829187
3.910000 1.831538
3.930000 1.835331
3.950000 1.841006
3.970000 1.846509
3.990000 1.852087
4.010000 1.854388
4.030000 1.855805
4.050000 1.858149
4.070000 1.863748
4.090000 1.864272
4.110000 1.866081
4.130000 1.868764
4.150000 1.868930
4.170000 1.873468
4.190000 1.876454
4.210000 1.879856
4.230000 1.882451
4.250000 1.885843
4.270000 1.889854
4.290000 1.890707
4.310000 1.893521
4.330000 1.895478
4.350000 1.899824
4.370000 1.903046
4.390000 1.902990
4.410000 1.905899
4.430000 1.909036
4.450000 1.912331
4.470000 1.913326
4.490000 1.913654
4.510000 1.917809
4.530000 1.920855
4.550000 1.923768
4.570000 1.929803
4.590000 1.931826
4.610000 1.937034
4.630000 1.941585
4.650000 1.946184
4.670000 1.952416
4.690000 1.956525
4.710000 1.963737
4.730000 1.966688
4.750000 1.974130
4.770000 1.979304
4.790000 1.988047
4.810000 1.994733
4.830000 1.999379
4.850000 2.006524
4.870000 2.013174
4.890000 2.017901
4.910000 2.024985
4.930000 2.032450
4.950000 2.040857
4.970000 2.049142
4.990000 2.055656
5.010000 2.061413
5.030000 2.066641
5.050000 2.070876
5.070000 2.076850
5.090000 2.082329
5.110000 2.085653
5.130000 2.090115
5.150000 2.095773
5.170000 2.098527
5.190000 2.104327
5.210000 2.106935
5.230000 2.107784
5.250000 2.110670
5.270000 2.113856
5.290000 2.116667
5.310000 2.120295
5.330000 2.122527
5.350000 2.121272
5.370000 2.123804
5.390000 2.125618
5.410000 2.124981
5.430000 2.123824
5.450000 2.125355
5.470000 2.123179
5.490000 2.123901
5.510000 2.123385
5.530000 2.122715
5.550000 2.120586
5.570000 2.120081
5.590000 2.117389
5.610000 2.115780
5.630000 2.113118
5.650000 2.110207
5.670000 2.108094
5.690000 2.106279
5.710000 2.103385
5.730000 2.098950
5.750000 2.095920
5.770000 2.090848
5.790000 2.087569
5.810000 2.084726
5.830000 2.081473
5.850000 2.078232
5.870000 2.074578
5.890000 2.070633
5.910000 2.066988
5.930000 2.063632
5.950000 2.058299
5.970000 2.054303
5.990000 2.051581
6.010000 2.047017
6.030000 2.043459
6.050000 2.039428
6.070000 2.033935
6.090000 2.030572
6.110000 2.026554
6.130000 2.022594
6.150000 2.019777
6.170000 2.011927
6.190000 2.009746
6.210000 2.005313
6.230000 2.001782
6.250000 1.996371
6.270000 1.993222
6.290000 1.989326
6.310000 1.985384
6.330000 1.982658
6.350000 1.978617
6.370000 1.975936
6.390000 1.974272
6.410000 1.970668
6.430000 1.967442
6.450000 1.964858
6.470000 1.962690
6.490000 1.958968
6.510000 1.957650
6.530000 1.956858
6.550000 1.954327
6.570000 1.951926
6.590000 1.951047
6.610000 1.950003
6.630000 1.948519
6.650000 1.947003
6.670000 1.946477
6.690000 1.945478
6.710000 1.944802
6.730000 1.943822
6.750000 1.942797
6.770000 1.942317
6.790000 1.941044
6.810000 1.939823
6.830000 1.940112
6.850000 1.941094
6.870000 1.942471
6.890000 1.942528
6.910000 1.942219
6.930000 1.942962
6.950000 1.942264
6.970000 1.943096
6.990000 1.944959
7.010000 1.946089
7.030000 1.945954
7.050000 1.946695
7.070000 1.948434
7.090000 1.948861
7.110000 1.948508
7.130000 1.949283
7.150000 1.950360
7.170000 1.950663
7.190000 1.953528
7.210000 1.953604
7.230000 1.956457
7.250000 1.956447
7.270000 1.958292
7.290000 1.960466
7.310000 1.961491
7.330000 1.962560
7.350000 1.964472
7.370000 1.966442
7.390000 1.968133
7.410000 1.969444
7.430000 1.971781
7.450000 1.973746
7.470000 1.975566
7.490000 1.977150
7.510000 1.977521
7.530000 1.978254
7.550000 1.982108
7.570000 1.983350
7.590000 1.985379
7.610000 1.985356
7.630000 1.987965
7.650000 1.989691
7.670000 1.990927
7.690000 1.992657
7.710000 1.994370
7.730000 1.995049
7.750000 1.996357
7.770000 1.998457
7.790000 1.999589
7.810000 2.000958
7.830000 2.001693
7.850000 2.001719
7.870000 2.002617
7.890000 2.004460
7.910000 2.004979
7.930000 2.006048
7.950000 2.005722
7.970000 2.005973
7.990000 2.007597
8.010000 2.006889
8.030000 2.007277
8.050000 2.006795
8.070000 2.007512
8.090000 2.007860
8.110000 2.009056
8.130000 2.010286
8.150000 2.009357
8.170000 2.010367
8.190000 2.009219
8.210000 2.007476
8.230000 2.008594
8.250000 2.008347
8.270000 2.009322
8.290000 2.009305
8.310000 2.007954
8.330000 2.008333
8.350000 2.008534
8.370000 2.007372
8.390000 2.006357
8.410000 2.005042
8.430000 2.004131
8.450000 2.004166
8.470000 2.004266
8.490000 2.002757
8.510000 2.002157
8.530000 2.001652
8.550000 2.001207
8.570000 2.000512
8.590000 2.001249
8.610000 2.000273
8.630000 1.999364
8.650000 1.998763
8.670000 1.999001
8.690000 1.998861
8.710000 1.998195
8.730000 1.997437
8.750000 1.996145
8.770000 1.995472
8.790000 1.994842
8.810000 1.993887
8.830000 1.993044
8.850000 1.992683
8.870000 1.991252
8.890000 1.991272
8.910000 1.990095
8.930000 1.989117
8.950000 1.988637
8.970000 1.988460
8.990000 1.988748
9.010000 1.987298
9.030000 1.986142
9.050000 1.985335
9.070000 1.984587
9.090000 1.983522
9.110000 1.982167
9.130000 1.982645
9.150000 1.982392
9.170000 1.980643
9.190000 1.980189
9.210000 1.978714
9.230000 1.979716
9.250000 1.978984
9.270000 1.978545
9.290000 1.977001
9.310000 1.976670
9.330000 1.976151
9.350000 1.975893
9.370000 1.974156
9.390000 1.973616
9.410000 1.972231
9.430000 1.970703
9.450000 1.970195
9.470000 1.969498
9.490000 1.968981
9.510000 1.968838
9.530000 1.966384
9.550000 1.965620
9.570000 1.965286
9.590000 1.963562
9.610000 1.962696
9.630000 1.962709
9.650000 1.960946
9.670000 1.959874
9.690000 1.958753
9.710000 1.957725
9.730000 1.957055
9.750000 1.955407
9.770000 1.954302
9.790000 1.953263
9.810000 1.953301
9.830000 1.951380
9.850000 1.951509
9.870000 1.951138
9.890000 1.949487
9.910000 1.947977
9.930000 1.947255
9.950000 1.945458
9.970000 1.944973
9.990000 1.943831
